cnf
3 6 9 12 15 18 21 24 27 30 33 36 39 42 45 48 51 54 57 60 63 66 0
2 5 8 11 14 17 20 23 26 29 32 35 38 41 44 47 50 53 56 59 62 65 0
1 4 7 10 13 16 19 22 25 28 31 34 37 40 43 46 49 52 55 58 61 64 67 0

-68 0

69 -1 0
69 -2 0
70 -1 -2 0
71 -3 0
71 -4 0
72 -3 -4 0
73 -69 0
73 -71 0
74 -69 -71 0
75 -70 0
75 -72 0
76 -70 -72 0
77 -75 0
77 -74 0
78 -75 -74 0
79 -5 0
79 -6 0
80 -5 -6 0
81 -7 0
81 -8 0
82 -7 -8 0
83 -79 0
83 -81 0
84 -79 -81 0
85 -80 0
85 -82 0
86 -80 -82 0
87 -85 0
87 -84 0
88 -85 -84 0
89 -9 0
89 -10 0
90 -9 -10 0
91 -11 0
91 -12 0
92 -11 -12 0
93 -89 0
93 -91 0
94 -89 -91 0
95 -90 0
95 -92 0
96 -90 -92 0
97 -95 0
97 -94 0
98 -95 -94 0
99 -13 0
99 -14 0
100 -13 -14 0
101 -15 0
101 -16 0
102 -15 -16 0
103 -99 0
103 -101 0
104 -99 -101 0
105 -100 0
105 -102 0
106 -100 -102 0
107 -105 0
107 -104 0
108 -105 -104 0
109 -17 0
109 -18 0
110 -17 -18 0
111 -19 0
111 -20 0
112 -19 -20 0
113 -109 0
113 -111 0
114 -109 -111 0
115 -110 0
115 -112 0
116 -110 -112 0
117 -115 0
117 -114 0
118 -115 -114 0
119 -21 0
119 -22 0
120 -21 -22 0
121 -23 0
121 -24 0
122 -23 -24 0
123 -119 0
123 -121 0
124 -119 -121 0
125 -120 0
125 -122 0
126 -120 -122 0
127 -125 0
127 -124 0
128 -125 -124 0
129 -25 0
129 -26 0
130 -25 -26 0
131 -27 0
131 -28 0
132 -27 -28 0
133 -129 0
133 -131 0
134 -129 -131 0
135 -130 0
135 -132 0
136 -130 -132 0
137 -135 0
137 -134 0
138 -135 -134 0
139 -29 0
139 -30 0
140 -29 -30 0
141 -31 0
141 -32 0
142 -31 -32 0
143 -139 0
143 -141 0
144 -139 -141 0
145 -140 0
145 -142 0
146 -140 -142 0
147 -145 0
147 -144 0
148 -145 -144 0
149 -33 0
149 -34 0
150 -33 -34 0
151 -35 0
151 -36 0
152 -35 -36 0
153 -149 0
153 -151 0
154 -149 -151 0
155 -150 0
155 -152 0
156 -150 -152 0
157 -155 0
157 -154 0
158 -155 -154 0
159 -37 0
159 -38 0
160 -37 -38 0
161 -39 0
161 -40 0
162 -39 -40 0
163 -159 0
163 -161 0
164 -159 -161 0
165 -160 0
165 -162 0
166 -160 -162 0
167 -165 0
167 -164 0
168 -165 -164 0
169 -41 0
169 -42 0
170 -41 -42 0
171 -43 0
171 -44 0
172 -43 -44 0
173 -169 0
173 -171 0
174 -169 -171 0
175 -170 0
175 -172 0
176 -170 -172 0
177 -175 0
177 -174 0
178 -175 -174 0
179 -45 0
179 -46 0
180 -45 -46 0
181 -47 0
181 -48 0
182 -47 -48 0
183 -179 0
183 -181 0
184 -179 -181 0
185 -180 0
185 -182 0
186 -180 -182 0
187 -185 0
187 -184 0
188 -185 -184 0
189 -49 0
189 -50 0
190 -49 -50 0
191 -51 0
191 -52 0
192 -51 -52 0
193 -189 0
193 -191 0
194 -189 -191 0
195 -190 0
195 -192 0
196 -190 -192 0
197 -195 0
197 -194 0
198 -195 -194 0
199 -53 0
199 -54 0
200 -53 -54 0
201 -55 0
201 -56 0
202 -55 -56 0
203 -199 0
203 -201 0
204 -199 -201 0
205 -200 0
205 -202 0
206 -200 -202 0
207 -205 0
207 -204 0
208 -205 -204 0
209 -57 0
209 -58 0
210 -57 -58 0
211 -59 0
211 -60 0
212 -59 -60 0
213 -209 0
213 -211 0
214 -209 -211 0
215 -210 0
215 -212 0
216 -210 -212 0
217 -215 0
217 -214 0
218 -215 -214 0
219 -61 0
219 -62 0
220 -61 -62 0
221 -63 0
221 -64 0
222 -63 -64 0
223 -219 0
223 -221 0
224 -219 -221 0
225 -220 0
225 -222 0
226 -220 -222 0
227 -225 0
227 -224 0
228 -225 -224 0
229 -65 0
229 -66 0
230 -65 -66 0
231 -67 0
231 -68 0
232 -67 -68 0
233 -229 0
233 -231 0
234 -229 -231 0
235 -230 0
235 -232 0
236 -230 -232 0
237 -235 0
237 -234 0
238 -235 -234 0
239 -223 0
239 -233 0
240 -223 -233 0
241 -228 0
241 -238 0
242 -228 -238 0
243 -241 0
243 -240 0
244 -241 -240 0
245 -227 0
245 -237 0
246 -227 -237 0
247 -226 0
247 -236 0
248 -226 -236 0
249 -247 0
249 -246 0
250 -247 -246 0
251 -245 0
251 -243 0
252 -245 -243 0
253 -249 0
253 -244 0
254 -249 -244 0
255 -213 0
255 -239 0
256 -213 -239 0
257 -218 0
257 -252 0
258 -218 -252 0
259 -257 0
259 -256 0
260 -257 -256 0
261 -217 0
261 -251 0
262 -217 -251 0
263 -216 0
263 -253 0
264 -216 -253 0
265 -263 0
265 -262 0
266 -263 -262 0
267 -261 0
267 -259 0
268 -261 -259 0
269 -265 0
269 -260 0
270 -265 -260 0
271 -203 0
271 -255 0
272 -203 -255 0
273 -208 0
273 -268 0
274 -208 -268 0
275 -273 0
275 -272 0
276 -273 -272 0
277 -207 0
277 -267 0
278 -207 -267 0
279 -206 0
279 -269 0
280 -206 -269 0
281 -279 0
281 -278 0
282 -279 -278 0
283 -277 0
283 -275 0
284 -277 -275 0
285 -281 0
285 -276 0
286 -281 -276 0
287 -193 0
287 -271 0
288 -193 -271 0
289 -198 0
289 -284 0
290 -198 -284 0
291 -289 0
291 -288 0
292 -289 -288 0
293 -197 0
293 -283 0
294 -197 -283 0
295 -196 0
295 -285 0
296 -196 -285 0
297 -295 0
297 -294 0
298 -295 -294 0
299 -293 0
299 -291 0
300 -293 -291 0
301 -297 0
301 -292 0
302 -297 -292 0
303 -183 0
303 -287 0
304 -183 -287 0
305 -188 0
305 -300 0
306 -188 -300 0
307 -305 0
307 -304 0
308 -305 -304 0
309 -187 0
309 -299 0
310 -187 -299 0
311 -186 0
311 -301 0
312 -186 -301 0
313 -311 0
313 -310 0
314 -311 -310 0
315 -309 0
315 -307 0
316 -309 -307 0
317 -313 0
317 -308 0
318 -313 -308 0
319 -173 0
319 -303 0
320 -173 -303 0
321 -178 0
321 -316 0
322 -178 -316 0
323 -321 0
323 -320 0
324 -321 -320 0
325 -177 0
325 -315 0
326 -177 -315 0
327 -176 0
327 -317 0
328 -176 -317 0
329 -327 0
329 -326 0
330 -327 -326 0
331 -325 0
331 -323 0
332 -325 -323 0
333 -329 0
333 -324 0
334 -329 -324 0
335 -163 0
335 -319 0
336 -163 -319 0
337 -168 0
337 -332 0
338 -168 -332 0
339 -337 0
339 -336 0
340 -337 -336 0
341 -167 0
341 -331 0
342 -167 -331 0
343 -166 0
343 -333 0
344 -166 -333 0
345 -343 0
345 -342 0
346 -343 -342 0
347 -341 0
347 -339 0
348 -341 -339 0
349 -345 0
349 -340 0
350 -345 -340 0
351 -153 0
351 -335 0
352 -153 -335 0
353 -158 0
353 -348 0
354 -158 -348 0
355 -353 0
355 -352 0
356 -353 -352 0
357 -157 0
357 -347 0
358 -157 -347 0
359 -156 0
359 -349 0
360 -156 -349 0
361 -359 0
361 -358 0
362 -359 -358 0
363 -357 0
363 -355 0
364 -357 -355 0
365 -361 0
365 -356 0
366 -361 -356 0
367 -143 0
367 -351 0
368 -143 -351 0
369 -148 0
369 -364 0
370 -148 -364 0
371 -369 0
371 -368 0
372 -369 -368 0
373 -147 0
373 -363 0
374 -147 -363 0
375 -146 0
375 -365 0
376 -146 -365 0
377 -375 0
377 -374 0
378 -375 -374 0
379 -373 0
379 -371 0
380 -373 -371 0
381 -377 0
381 -372 0
382 -377 -372 0
383 -133 0
383 -367 0
384 -133 -367 0
385 -138 0
385 -380 0
386 -138 -380 0
387 -385 0
387 -384 0
388 -385 -384 0
389 -137 0
389 -379 0
390 -137 -379 0
391 -136 0
391 -381 0
392 -136 -381 0
393 -391 0
393 -390 0
394 -391 -390 0
395 -389 0
395 -387 0
396 -389 -387 0
397 -393 0
397 -388 0
398 -393 -388 0
399 -123 0
399 -383 0
400 -123 -383 0
401 -128 0
401 -396 0
402 -128 -396 0
403 -401 0
403 -400 0
404 -401 -400 0
405 -127 0
405 -395 0
406 -127 -395 0
407 -126 0
407 -397 0
408 -126 -397 0
409 -407 0
409 -406 0
410 -407 -406 0
411 -405 0
411 -403 0
412 -405 -403 0
413 -409 0
413 -404 0
414 -409 -404 0
415 -113 0
415 -399 0
416 -113 -399 0
417 -118 0
417 -412 0
418 -118 -412 0
419 -417 0
419 -416 0
420 -417 -416 0
421 -117 0
421 -411 0
422 -117 -411 0
423 -116 0
423 -413 0
424 -116 -413 0
425 -423 0
425 -422 0
426 -423 -422 0
427 -421 0
427 -419 0
428 -421 -419 0
429 -425 0
429 -420 0
430 -425 -420 0
431 -103 0
431 -415 0
432 -103 -415 0
433 -108 0
433 -428 0
434 -108 -428 0
435 -433 0
435 -432 0
436 -433 -432 0
437 -107 0
437 -427 0
438 -107 -427 0
439 -106 0
439 -429 0
440 -106 -429 0
441 -439 0
441 -438 0
442 -439 -438 0
443 -437 0
443 -435 0
444 -437 -435 0
445 -441 0
445 -436 0
446 -441 -436 0
447 -93 0
447 -431 0
448 -93 -431 0
449 -98 0
449 -444 0
450 -98 -444 0
451 -449 0
451 -448 0
452 -449 -448 0
453 -97 0
453 -443 0
454 -97 -443 0
455 -96 0
455 -445 0
456 -96 -445 0
457 -455 0
457 -454 0
458 -455 -454 0
459 -453 0
459 -451 0
460 -453 -451 0
461 -457 0
461 -452 0
462 -457 -452 0
463 -83 0
463 -447 0
464 -83 -447 0
465 -88 0
465 -460 0
466 -88 -460 0
467 -465 0
467 -464 0
468 -465 -464 0
469 -87 0
469 -459 0
470 -87 -459 0
471 -86 0
471 -461 0
472 -86 -461 0
473 -471 0
473 -470 0
474 -471 -470 0
475 -469 0
475 -467 0
476 -469 -467 0
477 -473 0
477 -468 0
478 -473 -468 0
479 -73 0
479 -463 0
480 -73 -463 0
481 -78 0
481 -476 0
482 -78 -476 0
483 -481 0
483 -480 0
484 -481 -480 0
485 -77 0
485 -475 0
486 -77 -475 0
487 -76 0
487 -477 0
488 -76 -477 0
489 -487 0
489 -486 0
490 -487 -486 0
491 -485 0
491 -483 0
492 -485 -483 0
493 -489 0
493 -484 0
494 -489 -484 0

-493 0

end
output 67
allsols