p cnf 353 700
-149 -111 -44 197 0
149 44 197 0
111 44 197 0
-132 -187 -45 198 0
-132 187 45 198 0
132 -187 45 198 0
132 187 -45 198 0
-62 -21 -46 199 0
62 46 199 0
21 46 199 0
-168 -23 -47 200 0
168 47 200 0
23 47 200 0
-168 -15 -48 201 0
168 48 201 0
15 48 201 0
-131 -2 -49 202 0
131 49 202 0
2 49 202 0
-8 -50 203 0
8 50 203 0
-101 -82 -51 204 0
101 51 204 0
82 51 204 0
-194 -22 -52 205 0
194 52 205 0
22 52 205 0
-164 -161 -188 -123 -53 206 0
164 53 206 0
161 53 206 0
188 53 206 0
123 53 206 0
7 133 54 207 0
-7 -54 207 0
-133 -54 207 0
-163 -28 -55 208 0
163 55 208 0
28 55 208 0
-119 -129 -56 209 0
119 56 209 0
129 56 209 0
-139 -57 210 0
139 57 210 0
-30 -58 211 0
30 58 211 0
-93 -30 -59 212 0
93 59 212 0
30 59 212 0
-84 -14 -60 213 0
84 60 213 0
14 60 213 0
-78 -54 -61 214 0
78 61 214 0
54 61 214 0
-153 -62 215 0
153 62 215 0
25 67 63 216 0
-25 -63 216 0
-67 -63 216 0
35 158 64 217 0
-35 -64 217 0
-158 -64 217 0
-143 -108 -65 218 0
143 65 218 0
108 65 218 0
-95 -66 219 0
95 66 219 0
66 115 40 220 0
-66 -40 220 0
-115 -40 220 0
-22 -67 221 0
22 67 221 0
-163 -4 -68 222 0
163 68 222 0
4 68 222 0
-113 -69 223 0
113 69 223 0
-50 -10 -70 224 0
50 70 224 0
10 70 224 0
-16 -71 225 0
16 71 225 0
-62 -33 -72 226 0
62 72 226 0
33 72 226 0
-168 -7 -73 227 0
168 73 227 0
7 73 227 0
-168 -19 -74 228 0
168 74 228 0
19 74 228 0
-132 -51 -75 229 0
-132 51 75 229 0
132 -51 75 229 0
132 51 -75 229 0
-75 -118 -76 230 0
75 76 230 0
118 76 230 0
3 172 77 231 0
-3 -77 231 0
-172 -77 231 0
-189 -192 -78 232 0
-189 192 78 232 0
189 -192 78 232 0
189 192 -78 232 0
-161 -79 233 0
161 79 233 0
-140 -121 -138 -53 -43 234 0
140 43 234 0
121 43 234 0
138 43 234 0
53 43 234 0
-168 -11 -80 235 0
168 80 235 0
11 80 235 0
-136 -81 236 0
136 81 236 0
19 182 82 237 0
-19 -82 237 0
-182 -82 237 0
-189 -52 -83 238 0
-189 52 83 238 0
189 -52 83 238 0
189 52 -83 238 0
-12 -84 239 0
12 84 239 0
-189 -70 -85 240 0
-189 70 85 240 0
189 -70 85 240 0
189 70 -85 240 0
-132 -102 -86 241 0
-132 102 86 241 0
132 -102 86 241 0
132 102 -86 241 0
-85 -116 -87 242 0
85 87 242 0
116 87 242 0
-191 -161 -166 -88 243 0
191 88 243 0
161 88 243 0
166 88 243 0
-71 -18 -89 244 0
71 89 244 0
18 89 244 0
-184 -69 -90 245 0
184 90 245 0
69 90 245 0
5 172 91 246 0
-5 -91 246 0
-172 -91 246 0
-163 -24 -92 247 0
163 92 247 0
24 92 247 0
-28 -93 248 0
28 93 248 0
-132 -169 -94 249 0
-132 169 94 249 0
132 -169 94 249 0
132 169 -94 249 0
-2 -126 -130 -122 -95 250 0
2 95 250 0
126 95 250 0
130 95 250 0
122 95 250 0
-109 -34 -96 251 0
109 96 251 0
34 96 251 0
-163 -12 -97 252 0
163 97 252 0
12 97 252 0
-62 -9 -98 253 0
62 98 253 0
9 98 253 0
-132 -160 -99 254 0
-132 160 99 254 0
132 -160 99 254 0
132 160 -99 254 0
-78 -156 -100 255 0
78 100 255 0
156 100 255 0
-189 -89 -101 256 0
-189 89 101 256 0
189 -89 101 256 0
189 89 -101 256 0
-134 -77 -102 257 0
134 102 257 0
77 102 257 0
-62 -36 -103 258 0
62 103 258 0
36 103 258 0
-45 -176 -104 259 0
45 104 259 0
176 104 259 0
-189 -59 -105 260 0
-189 59 105 260 0
189 -59 105 260 0
189 59 -105 260 0
33 58 106 261 0
-33 -106 261 0
-58 -106 261 0
31 58 107 262 0
-31 -107 262 0
-58 -107 262 0
-100 -108 263 0
100 108 263 0
-32 -109 264 0
32 109 264 0
-170 -26 -110 265 0
170 110 265 0
26 110 265 0
17 128 111 266 0
-17 -111 266 0
-128 -111 266 0
-99 -186 -112 267 0
99 112 267 0
186 112 267 0
-83 -63 -113 268 0
83 113 268 0
63 113 268 0
11 173 114 269 0
-11 -114 269 0
-173 -114 269 0
-140 -164 -161 -191 -159 -188 -195 -146 115 270 0
140 -115 270 0
164 -115 270 0
161 -115 270 0
191 -115 270 0
159 -115 270 0
188 -115 270 0
195 -115 270 0
146 -115 270 0
13 173 116 271 0
-13 -116 271 0
-173 -116 271 0
36 158 117 272 0
-36 -117 272 0
-158 -117 272 0
-178 -118 273 0
178 118 273 0
-132 -120 -119 274 0
-132 120 119 274 0
132 -120 119 274 0
132 120 -119 274 0
-149 -177 -120 275 0
149 120 275 0
177 120 275 0
-164 -79 -121 276 0
164 121 276 0
79 121 276 0
-5 -62 -122 277 0
5 122 277 0
62 122 277 0
-195 -123 278 0
195 123 278 0
-163 -20 -124 279 0
163 124 279 0
20 124 279 0
21 182 125 280 0
-21 -125 280 0
-182 -125 280 0
-1 -163 -126 281 0
1 126 281 0
163 126 281 0
-168 -27 -127 282 0
168 127 282 0
27 127 282 0
-14 -128 283 0
14 128 283 0
-44 -129 284 0
44 129 284 0
-3 -168 -130 285 0
3 130 285 0
168 130 285 0
-1 -131 286 0
1 131 286 0
-147 -132 287 0
147 132 287 0
-6 -133 288 0
6 133 288 0
-189 -49 -134 289 0
-189 49 134 289 0
189 -49 134 289 0
189 49 -134 289 0
-189 -110 -135 290 0
-189 110 135 290 0
189 -110 135 290 0
189 110 -135 290 0
-140 -164 -138 -88 -42 291 0
140 42 291 0
164 42 291 0
138 42 291 0
88 42 291 0
-105 -106 -136 292 0
105 136 292 0
106 136 292 0
-168 -35 -137 293 0
168 137 293 0
35 137 293 0
-164 -161 -196 -191 -138 294 0
164 138 294 0
161 138 294 0
196 138 294 0
191 138 294 0
-134 -91 -139 295 0
134 139 295 0
91 139 295 0
-68 -73 -98 -6 -140 296 0
68 140 296 0
73 140 296 0
98 140 296 0
6 140 296 0
-26 -141 297 0
26 141 297 0
-83 -185 -142 298 0
83 142 298 0
185 142 298 0
-132 -61 -143 299 0
-132 61 143 299 0
132 -61 143 299 0
132 61 -143 299 0
-145 -117 -144 300 0
145 144 300 0
117 144 300 0
-189 -96 -145 301 0
-189 96 145 301 0
189 -96 145 301 0
189 96 -145 301 0
-171 -137 -103 -34 -146 302 0
171 146 302 0
137 146 302 0
103 146 302 0
34 146 302 0
-49 -192 -70 -60 -89 -52 -110 -59 -96 148 303 0
49 -148 303 0
192 -148 303 0
70 -148 303 0
60 -148 303 0
89 -148 303 0
52 -148 303 0
110 -148 303 0
59 -148 303 0
96 -148 303 0
-189 -60 -149 304 0
-189 60 149 304 0
189 -60 149 304 0
189 60 -149 304 0
-163 -8 -150 305 0
163 150 305 0
8 150 305 0
-148 -37 306 0
148 37 306 0
-62 -17 -151 307 0
62 151 307 0
17 151 307 0
-135 -175 -152 308 0
135 152 308 0
175 152 308 0
-179 -65 -180 -56 -76 -90 -112 -162 -104 153 309 0
179 -153 309 0
65 -153 309 0
180 -153 309 0
56 -153 309 0
76 -153 309 0
90 -153 309 0
112 -153 309 0
162 -153 309 0
104 -153 309 0
-62 -29 -154 310 0
62 154 310 0
29 154 310 0
-4 -155 311 0
4 155 311 0
9 133 156 312 0
-9 -156 312 0
-133 -156 312 0
-62 -13 -157 313 0
62 157 313 0
13 157 313 0
-34 -158 314 0
34 158 314 0
-124 -47 -193 -22 -159 315 0
124 159 315 0
47 159 315 0
193 159 315 0
22 159 315 0
-135 -167 -160 316 0
135 160 316 0
167 160 316 0
-140 -164 -121 -191 -41 317 0
140 41 317 0
164 41 317 0
121 41 317 0
191 41 317 0
-97 -48 -151 -14 -161 318 0
97 161 318 0
48 161 318 0
151 161 318 0
14 161 318 0
-94 -81 -162 319 0
94 162 319 0
81 162 319 0
-148 -163 320 0
148 163 320 0
-150 -80 -157 -10 -164 321 0
150 164 321 0
80 164 321 0
157 164 321 0
10 164 321 0
-87 -165 322 0
87 165 322 0
-188 -166 323 0
188 166 323 0
27 141 167 324 0
-27 -167 324 0
-141 -167 324 0
-147 -168 325 0
147 168 325 0
-105 -107 -169 326 0
105 169 326 0
107 169 326 0
-24 -170 327 0
24 170 327 0
-163 -32 -171 328 0
163 171 328 0
32 171 328 0
-2 -172 329 0
2 172 329 0
-10 -173 330 0
10 173 330 0
-85 -114 -174 331 0
85 174 331 0
114 174 331 0
29 141 175 332 0
-29 -175 332 0
-141 -175 332 0
-144 -176 333 0
144 176 333 0
15 128 177 334 0
-15 -177 334 0
-128 -177 334 0
-101 -125 -178 335 0
101 178 335 0
125 178 335 0
-86 -57 -179 336 0
86 179 336 0
57 179 336 0
-183 -165 -180 337 0
183 180 337 0
165 180 337 0
-168 -31 -181 338 0
168 181 338 0
31 181 338 0
-18 -182 339 0
18 182 339 0
-132 -174 -183 340 0
-132 174 183 340 0
132 -174 183 340 0
132 174 -183 340 0
-132 -142 -184 341 0
-132 142 184 341 0
132 -142 184 341 0
132 142 -184 341 0
23 67 185 342 0
-23 -185 342 0
-67 -185 342 0
-152 -186 343 0
152 186 343 0
-145 -64 -187 344 0
145 187 344 0
64 187 344 0
-92 -127 -154 -26 -188 345 0
92 188 345 0
127 188 345 0
154 188 345 0
26 188 345 0
-148 -189 346 0
148 189 346 0
-163 -16 -190 347 0
163 190 347 0
16 190 347 0
-190 -74 -46 -18 -191 348 0
190 191 348 0
74 191 348 0
46 191 348 0
18 191 348 0
-155 -6 -192 349 0
155 192 349 0
6 192 349 0
-62 -25 -193 350 0
62 193 350 0
25 193 350 0
-20 -194 351 0
20 194 351 0
-55 -181 -72 -30 -195 352 0
55 195 352 0
181 195 352 0
72 195 352 0
30 195 352 0
-159 -196 353 0
159 196 353 0
-197 0
-198 0
-199 0
-200 0
-201 0
-202 0
-203 0
-204 0
-205 0
-206 0
-207 0
-208 0
-209 0
-210 0
-211 0
-212 0
-213 0
-214 0
-215 0
-216 0
-217 0
-218 0
-219 0
-220 0
-221 0
-222 0
-223 0
-224 0
-225 0
-226 0
-227 0
-228 0
-229 0
-230 0
-231 0
-232 0
-233 0
-234 0
-235 0
-236 0
-237 0
-238 0
-239 0
-240 0
-241 0
-242 0
-243 0
-244 0
-245 0
-246 0
-247 0
-248 0
-249 0
-250 0
-251 0
-252 0
-253 0
-254 0
-255 0
-256 0
-257 0
-258 0
-259 0
-260 0
-261 0
-262 0
-263 0
-264 0
-265 0
-266 0
-267 0
-268 0
-269 0
-270 0
-271 0
-272 0
-273 0
-274 0
-275 0
-276 0
-277 0
-278 0
-279 0
-280 0
-281 0
-282 0
-283 0
-284 0
-285 0
-286 0
-287 0
-288 0
-289 0
-290 0
-291 0
-292 0
-293 0
-294 0
-295 0
-296 0
-297 0
-298 0
-299 0
-300 0
-301 0
-302 0
-303 0
-304 0
-305 0
-306 0
-307 0
-308 0
-309 0
-310 0
-311 0
-312 0
-313 0
-314 0
-315 0
-316 0
-317 0
-318 0
-319 0
-320 0
-321 0
-322 0
-323 0
-324 0
-325 0
-326 0
-327 0
-328 0
-329 0
-330 0
-331 0
-332 0
-333 0
-334 0
-335 0
-336 0
-337 0
-338 0
-339 0
-340 0
-341 0
-342 0
-343 0
-344 0
-345 0
-346 0
-347 0
-348 0
-349 0
-350 0
-351 0
-352 0
-353 0
-1 0
2 0
3 0
-4 0
5 0
6 0
7 0
8 0
9 0
10 0
11 0
12 0
-13 0
14 0
15 0
16 0
-17 0
18 0
19 0
20 0
-21 0
-22 0
-23 0
24 0
-25 0
26 0
27 0
28 0
29 0
30 0
-31 0
32 0
-33 0
34 0
35 0
-36 0
37 0
-38 0
39 0
-40 0
-41 0
-42 0
-43 0